        8.2539038137356240e+00        8.8153724262460429e+00        7.6295078691616958e+00        7.4730778169785639e+00        7.3337818518673572e+00        7.4411497513810376e+00
        1.0987689570384433e+01        8.5741821444919921e+00        7.4727066189741347e+00        7.2845175161114826e+00        7.4275029627416407e+00        7.6271914854257634e+00
        6.4505967009186715e+00        5.3599532973783726e+00        5.9005429278498847e+00        6.3619661615430090e+00        6.1800400905446811e+00        6.2806709917812160e+00
        3.5392196920525878e+00        3.6251887471326696e+00        5.6083502996897288e+00        5.7010569578191008e+00        5.7036073023282761e+00        5.3961531474779818e+00
        5.7373731568750452e+00        6.8744040531096759e+00        5.2566833092765188e+00        5.5434706888100527e+00        5.5204784526097237e+00        5.7797098726216811e+00
        6.8872224862230560e+00        3.8910087991203559e+00        5.1490324975749378e+00        5.3815610671615381e+00        5.3907524308868551e+00        5.5190590055222044e+00
        1.2272039624357316e+00        2.5306082915551431e+00        3.7845729835283932e+00        4.0648539477798913e+00        4.2922506898687649e+00        4.1482576288068316e+00
        2.7220143956184578e-01        3.5974102457777914e+00        4.0867433487889633e+00        4.3196453260554142e+00        4.4509586985926619e+00        4.3848450179724576e+00
        4.5993066749492302e+00        3.9353396658128057e+00        4.3059489460447011e+00        4.0877033005609995e+00        4.1968856622432398e+00        4.3224226848352840e+00
        3.8815763852918899e+00        4.7129738806844212e+00        4.6483696793553628e+00        4.6544788055326585e+00        4.8574902907150728e+00        5.0447837089229433e+00
        3.9761758821003759e+00        3.7295784743696929e+00        3.9156288001102664e+00        4.3155270313927634e+00        4.4048463865538379e+00        4.3812079756531572e+00
        5.6311291747815329e+00        4.1861454094917638e+00        4.5391060422888110e+00        4.8581570986815334e+00        5.0009420574161290e+00        5.1613793022375773e+00
        3.7534654968178058e+00        3.6109146477510539e+00        4.3795808349461351e+00        4.8826353990763023e+00        5.1423835866640939e+00        5.3212751051395708e+00
        3.4632250972458056e+00        3.9028386967478399e+00        4.1602489854513554e+00        4.1741571579638741e+00        4.5241016245587016e+00        4.7532230445316239e+00
        3.4334974765565773e+00        3.1902655212608773e+00        3.5447256458305514e+00        3.8058499583116903e+00        4.0822314520203831e+00        4.3233803768740788e+00
        3.6552956432081825e+00        3.9605254592359418e+00        3.9528358133403385e+00        4.1564119077692441e+00        4.4415848882466831e+00        4.5411128319271601e+00
        3.6221949315683037e+00        3.4634249853468453e+00        3.8557031426816977e+00        4.2068577213091150e+00        4.4313492142353468e+00        4.5622294622118496e+00
        2.4790906748873054e+00        3.1245728096264158e+00        3.5031180071877763e+00        3.6583585139659793e+00        3.8342442971526101e+00        4.0265359627794322e+00
        4.0572039860218139e+00        3.0407956171382411e+00        3.0812385110148202e+00        3.3998446981179637e+00        3.7255321497325058e+00        4.0661981718889715e+00
        2.0741239091681551e+00       -2.1693513420196023e-01        2.1797694648685964e+00        3.1928807094020200e+00        3.6224883981123814e+00        3.6739753501038432e+00
       -1.9518184503341796e+00        2.7404055256286770e+00        3.3654287775149205e+00        3.2257100306383562e+00        3.2888205080072197e+00        3.4695103396877909e+00
        2.4382885619823669e+00        2.9947076367952099e+00        3.2370380030450647e+00        3.4353116371662509e+00        3.6572980230840235e+00        3.8210587763752089e+00
        2.7857796172673570e+00        3.2882399182828657e+00        3.4355048830300707e+00        3.6240314636242243e+00        3.7387302713795854e+00        3.6765779190323054e+00
        4.7990977586582595e+00        4.2545947658739474e+00        4.1656206468691384e+00        4.2033100834842063e+00        4.2512404971114099e+00        4.3127494810865938e+00
        4.5064218114558177e+00        4.1416377839486449e+00        4.2831494122826221e+00        4.4927475488455695e+00        4.5428329052787602e+00        4.5642357878701034e+00
        4.2229131223507146e+00        4.0577484630148142e+00        4.2044606825148296e+00        4.0407508632846394e+00        4.1932417772093284e+00        4.4256091254537351e+00
        3.7166353336397591e+00        3.8900469573086940e+00        4.0608211670330041e+00        4.1888305808250283e+00        4.2367679333769157e+00        4.6034943460951459e+00
        3.1092714495525025e+00        4.1675390274490596e+00        4.3325737538185933e+00        4.4654959316281042e+00        4.6565787314626172e+00        4.6724222056069600e+00
        4.5623534241603325e+00        4.6097017092713557e+00        4.7837329414160061e+00        4.9574618309574419e+00        4.9965663475516306e+00        4.9126298146267100e+00
        4.8471778150530982e+00        4.8381509252813153e+00        4.8313860278550722e+00        4.8246206727594751e+00        4.8109932864567799e+00        4.9198652155424760e+00
        4.3460519476415058e+00        4.5510506251718947e+00        4.7777270413323656e+00        4.8909204702874147e+00        4.9028231067354300e+00        4.9297654422086250e+00
        4.5185767734994542e+00        5.6650618266930302e+00        5.0285236467850991e+00        5.0081710716385759e+00        4.9538455558156098e+00        4.8716828147078255e+00
        6.4140523652213650e+00        4.1141943331175215e+00        4.2238271126903530e+00        4.2169246568513605e+00        4.2169246568513605e+00        4.2580447535118475e+00
        3.1153642103669412e+00        3.9581225084122207e+00        4.0661981718889715e+00        4.0421914498915408e+00        4.0901991320425743e+00        4.1561241210077249e+00
        4.0458156999532573e+00        4.7543673336706069e+00        4.2248816126009681e+00        4.2690647500253354e+00        4.4458892980194911e+00        4.5120582339282329e+00
        6.8270004322053337e+00        3.9636972659117022e+00        3.8867766259468994e+00        3.8557993603183069e+00        4.1184168927186109e+00        4.3900132189898304e+00
        3.9378556376249394e+00        5.4050589553022244e+00        4.5701589906813451e+00        4.3508622301666060e+00        3.7977633157080080e+00        3.9372624691062335e+00
        6.8500076570374606e+00        7.3219792124303327e+00        5.2086629613924931e+00        4.2005294145030074e+00        4.2261278254320915e+00        4.2324545125507775e+00
        6.7346734737424505e+00        3.7917941838201914e+00        3.0848261793265275e+00        3.5052422503055465e+00        3.5949020846070741e+00        3.7500966004720997e+00
        2.9791597495416822e+00        2.8704068128355149e+00        3.5957703013622297e+00        3.7129104186597992e+00        3.8630154192275534e+00        3.7803363033133515e+00
        2.3674545065813843e+00        3.1680821010968350e+00        3.5610357501693293e+00        3.7751364958976401e+00        3.6989379424878370e+00        3.8117219913122864e+00
        3.0373691566482099e+00        3.1871659504543426e+00        3.4017778254444133e+00        3.4215902262358058e+00        3.6034874523482467e+00        3.6703123605641625e+00
        3.3050005762736303e+00        2.9509286452551162e+00        3.0280871583807123e+00        3.2864013619172723e+00        3.4154053127839825e+00        3.4799415142281847e+00
        2.7014092063119786e+00        3.0786204015515137e+00        3.2045997866688518e+00        3.4358913736373733e+00        3.6130366022641414e+00        3.7909276673176269e+00
        3.0651490982277334e+00        3.0030535618051282e+00        3.2163174907288901e+00        3.2079893463411646e+00        3.2854336870947276e+00        3.3711333585367500e+00
        3.0418397540875910e+00        3.0827899509450165e+00        3.1101301298347828e+00        3.2070209124440274e+00        3.3087520442141036e+00        3.3633015623102827e+00
        3.4885312455258557e+00        2.9831580568134215e+00        3.0529205034822793e+00        3.2376188901177319e+00        3.2497199367762177e+00        3.3904685004105817e+00
        2.8995801002708097e+00        3.2605612308888721e+00        3.1941398496707505e+00        3.2992705466721963e+00        3.5487792929553210e+00        3.5246480187069600e+00
        2.8787123668170880e+00        2.5936716420945345e+00        3.2387806541402266e+00        3.2695624838112938e+00        3.2798209884593548e+00        3.2820467514727918e+00
        1.8462991468761312e+00        2.9607344752657947e+00        3.0383704634440125e+00        2.9976190850953701e+00        3.0272139988675466e+00        3.1093546249326178e+00
        3.3020137066305932e+00        2.9125698757031162e+00        2.9957751776808212e+00        3.0910315720086823e+00        3.1325202402844345e+00        3.2198034847798054e+00
        2.0045600038772124e+00        3.1128443496324607e+00        3.1099362541730553e+00        3.2808854899944229e+00        3.3200706140813456e+00        3.3287763346158177e+00
        2.2657815199613673e+00        3.2033407780993408e+00        3.2884334485655220e+00        3.2784661519348806e+00        3.2600772696077271e+00        3.3486999093965721e+00
        3.6883202964495174e+00        3.1602343855288986e+00        3.3779977619188521e+00        3.3462822114607382e+00        3.3918218203460646e+00        3.4539581424738959e+00
        2.3214350872165688e+00        3.1533550171878333e+00        3.2253227268440257e+00        3.3590469961448592e+00        3.4763679936291076e+00        3.5185660188662919e+00
        2.9271668493290339e+00        3.3604007413777586e+00        3.3626247116191834e+00        3.4182078990881042e+00        3.5083319779269950e+00        3.5442430578463120e+00
        3.2567018935680232e+00        2.8726417070157866e+00        3.1676945740425912e+00        3.2547535409249653e+00        3.3051724007752257e+00        3.3251974079162006e+00
        2.0111529961788785e+00        2.5580998346667769e+00        2.8846898412698962e+00        2.8965422343013687e+00        2.9537442790132031e+00        2.9989777319607458e+00
        2.1746275155423396e+00        2.7307726781953297e+00        2.6202691359490387e+00        2.6929134100815109e+00        2.7585983727767474e+00        2.8010030698295418e+00
        3.5409925727397615e+00        3.4071903831595529e+00        2.7733837034211768e+00        2.7733837034211768e+00        2.8895475492876344e+00        2.9629673516524049e+00
        3.4246784539244715e+00        2.7406001190451978e+00        2.9265555365386660e+00        3.1075127766863213e+00        3.1459906618272306e+00        3.1252512734873230e+00
        2.2951927812085615e+00        2.8508736552384817e+00        3.0345871062378786e+00        3.0162503472426003e+00        2.9899520889382201e+00        3.0319677750887886e+00
        3.4603021996312959e+00        2.9288862898576697e+00        2.9139296785705686e+00        2.9716071427495727e+00        3.0424446880565665e+00        3.1184664277284946e+00
        2.4295812468575448e+00        2.3682346345677225e+00        2.8190876766698940e+00        3.0021801836804372e+00        3.0524355362539572e+00        3.0503986482114334e+00
        9.1771862134914173e-01        2.2021731888720981e+00        2.7760098164190792e+00        2.7014792291591156e+00        2.8340584787731569e+00        2.8864386433405298e+00
        1.9950166044156743e+00        2.4528696717874445e+00        2.4963795329203591e+00        2.5646304023557556e+00        2.6844442085225770e+00        2.7023552374812145e+00
        2.1500982098029833e+00        1.7500960885278354e+00        2.0143745579310357e+00        2.2269190669268681e+00        2.3644258381029855e+00        2.4577484012111612e+00
        8.2389318520422039e-01        1.6600446961327977e+00        2.2666170498911562e+00        2.3483100938161794e+00        2.3944039796729708e+00        2.4573581116162706e+00
        1.3147094826490819e+00        2.0334838587798649e+00        2.2778586889339527e+00        2.3716526617316065e+00        2.4455511313353320e+00        2.4997931829367110e+00
        2.0456217233541718e+00        1.9097476775194429e+00        2.1238850335894930e+00        2.2366983581120778e+00        2.3017063299875207e+00        2.3508497168190572e+00
        1.8727769579186277e+00        1.9134757261807185e+00        2.0436739929751235e+00        2.1342617373116024e+00        2.2369917220726068e+00        2.2814752954138457e+00
        1.4595596976845091e+00        2.6856124168998243e+00        2.1512928602616967e+00        2.1786931771025060e+00        2.1937601517901180e+00        2.2127373957838712e+00
        2.9835840374509952e+00        2.2937903256305621e+00        2.3863000264527501e+00        2.3182204205017332e+00        2.3990903035163846e+00        2.4323764086319897e+00
        2.9614942682295418e+00        2.5813934892979549e+00        2.4180286251691205e+00        2.4216401658967177e+00        2.4058265093070994e+00        2.4863329724689276e+00
        2.9397291916607835e+00        2.5252455848885580e+00        2.4735538498309886e+00        2.4018238910084313e+00        2.4219329878068221e+00        2.4139288803288466e+00
        3.9385903088251171e+00        3.3201673484733858e+00        2.5457198269012768e+00        2.6222173922110521e+00        2.7566527717805256e+00        2.8147126684660706e+00
        3.1231858843778793e+00        2.7858328128396517e+00        2.6606876777990087e+00        2.6746112471625829e+00        2.5598543574366364e+00        2.5884097612047641e+00
        3.6388521540072674e+00        3.0117869235436032e+00        2.7555826750972816e+00        2.6051688628002534e+00        2.5579048857921141e+00        2.5519587625408868e+00
        2.8415210211950299e+00        2.5727199172280457e+00        2.4367681757285102e+00        2.4071932203268100e+00        2.4574556841578095e+00        2.4966721360593276e+00
        3.8081018770983590e+00        2.8652566491223252e+00        2.4627244600272542e+00        2.3846400995773793e+00        2.5504965469235108e+00        2.4432090852652246e+00
        2.7948371656364417e+00        2.2679856648137684e+00        2.3952826821223741e+00        2.5372381495128824e+00        2.5785673518139904e+00        2.5992255493427852e+00
        1.1275023908093262e+00        1.5500248066671138e+00        1.9971240531149688e+00        2.0343657383592069e+00        2.1202627230934459e+00        2.3367833018268609e+00
       -3.0035668766255569e-01        1.3928545865907060e+00        1.9752626046138040e+00        2.0952945818222704e+00        2.2589915666957836e+00        2.3364902304732693e+00
        1.2749612369121524e+00        2.9182032243515716e+00        2.1432670602466088e+00        2.1795737770454608e+00        2.4126598776234309e+00        2.4669197682098440e+00
        3.1325910618629402e+00        2.1300524495665165e+00        2.1358279386859778e+00        2.2911515182540629e+00        2.3256459865335679e+00        2.3480170562424156e+00
        2.1487501889655691e+00        2.1608838251886198e+00        2.2174322406494582e+00        2.0825633258862677e+00        2.2006080262614738e+00        2.2403164534786280e+00
        2.3577154280332477e+00        2.4766756183130902e+00        1.9637907848323435e+00        1.8745205677847889e+00        2.1919991939855490e+00        2.2236916909544071e+00
        4.0928550033588857e+00        1.8023594775442182e+00        1.6282714173894239e+00        1.9407451185169129e+00        2.1220249445890764e+00        2.1734094145927028e+00
       -6.5496239503851583e-01        1.6365354086264230e+00        1.5416551926934297e+00        1.9381950588846029e+00        1.8646076396007307e+00        2.0747279011434649e+00
        2.9750704040991387e+00        2.1494332810061314e+00        1.8177778532341526e+00        1.8345684116775089e+00        2.0396568525221079e+00        2.0278004482616843e+00
        1.5152899874540806e+00        1.6733215585641754e+00        1.5206788471390575e+00        1.5749325717669875e+00        1.7814377527123442e+00        1.8301501169912555e+00
        3.3707057372349891e+00        2.7591820456942235e+00        2.0507280930267267e+00        2.1105699497337538e+00        2.1207522321794734e+00        2.1531524049375550e+00
        3.1300177495719597e+00        3.1055739524086996e+00        2.4394031434088319e+00        2.3902056280623585e+00        2.3670627126450636e+00        2.3518264777236300e+00
        2.5428303893458253e+00        2.5153969563508847e+00        2.3229103158299962e+00        2.2855804739994530e+00        2.1682232280483169e+00        2.3597378894508081e+00
        4.2721232495529984e+00        2.2384585289660479e+00        2.1780082606745292e+00        2.1911187034544923e+00        2.2913469878551034e+00        2.2777609409975415e+00
        2.0151176119828298e+00        3.2790467984073048e+00        2.1485524156047915e+00        2.4936485290031576e+00        2.2693542610055690e+00        2.4369633609006884e+00
        2.6940780539961242e+00        2.7335945174800984e+00        2.4594071149957388e+00        2.4528696717874445e+00        2.5179323395741813e+00        2.3809295751626816e+00
        6.0130958117058579e+00        3.6695411877742190e+00        2.5095458266423303e+00        2.3780977665302552e+00        2.4080718104045005e+00        2.4056312633508816e+00
        3.7127935112674022e+00        2.2050099836658954e+00        2.3817107496389820e+00        2.4725782771942262e+00        2.4895518832775712e+00        2.2612401670643441e+00
        2.0775786003693764e+00        3.2310353057021666e+00        2.5764233321668955e+00        2.4556017895887416e+00        2.3643281747476026e+00        2.3142142940590573e+00
        3.5934362449882884e+00        3.3107836767324881e+00        2.7802892602087454e+00        2.8344473009142566e+00        2.7331079991463803e+00        2.5794444375115964e+00
        3.7583726594351630e+00        5.2203502298816151e-01        2.7643376751807103e+00        2.8026560998092380e+00        2.5593669930884060e+00        2.3264275929888605e+00
       -1.6440631447311498e+00        2.3068855986466139e+00        2.6114040906706308e+00        2.5050597286691003e+00        2.2125417724644141e+00        2.2992631856214940e+00
        3.9024827738463075e+00        3.9858010036476252e+00        2.4507229554339727e+00        2.2659327354056247e+00        2.4896494244119003e+00        2.4320836173009579e+00
        4.5047538024435143e+00        2.3001427244695236e+00        1.7439051937597756e+00        2.3668673909893556e+00        2.4991104622557954e+00        2.2980904551237540e+00
        2.5240694506420716e+00        2.8526230487821049e+00        2.7936127192901870e+00        2.4016286372371209e+00        2.2118570878325894e+00        2.1243745249443458e+00
        4.8767179957094200e+00        3.1542270759878712e+00        2.2394363882755761e+00        2.3351225527996893e+00        2.1772254932983119e+00        2.3501659785091391e+00
        4.3094563998027935e+00        3.4484515052840607e+00        3.0080995971750193e+00        2.4613585077535878e+00        2.6787003188270635e+00        2.4006523626618348e+00
        5.1701912556396143e+00        4.9918099240007408e+00        2.6538712377114160e+00        2.5815883923872720e+00        2.0807024680993331e+00        2.4001642217999986e+00
        6.1204574096848425e+00       -2.3437525541736020e+00        6.0248143028358569e-01        1.4950679533069409e+00        2.2743397030271355e+00        2.3181227120101404e+00
       -9.2672901428724792e+00       -2.4844074060080770e+00        9.4591211205077474e-01        1.7893944173809448e+00        1.4604828388485727e+00        1.9013100015251165e+00
       -2.7609853738538632e+00        9.0162313517006598e-01        1.9191656377727893e+00        1.4698446630117701e+00        1.7779994918432938e+00        1.9594762556546554e+00
        2.1213930789811744e+00        2.2694520171596779e+00        1.6867933133789512e+00        1.8534176093170829e+00        1.6898414148789902e+00        2.0875580887315612e+00
        3.4268521899650803e+00        2.1988471890420178e+00        1.4097166377956367e+00        1.3528081479691678e+00        1.8596017282072594e+00        1.9108268637933796e+00
        3.1195373366139325e+00        1.8943434766554696e+00        1.2210151771009097e+00        1.7940109572654899e+00        1.8739317084151836e+00        2.0244686436383907e+00
        6.3351179437805805e-01        1.2049116958985249e+00        1.8316229035771514e+00        1.7942074010437556e+00        1.9376065743499797e+00        1.8749131387714275e+00
       -1.4110278103463281e-01        1.2350418633884097e+00        1.6425362123424350e+00        1.6696828901393945e+00        1.4494446150452511e+00        1.9401566489888273e+00
        1.1708715217650012e+00        1.9373123307839852e+00        1.6841384395958983e+00        1.3631665230946550e+00        1.7625749812830316e+00        1.8332920354862239e+00
        3.2258534192734403e+00        2.3933299995269501e+00        1.2447211051755180e+00        1.6795168244979397e+00        1.7524544238183708e+00        2.0513159122370688e+00
        4.2462526031472887e+00        3.3674592589082923e+00        2.0222147128564991e+00        1.9346640997286138e+00        2.2509744060569079e+00        2.0371093139831151e+00
        4.5223926981202114e+00        1.6835484580721558e+00        1.8538102631563931e+00        2.0874601546030220e+00        2.0468092099862654e+00        2.1773233395554157e+00
        2.5997962511317123e+00        1.8778573720491287e+00        2.1154654072397010e+00        1.9311330158914743e+00        2.1105699497337538e+00        2.0561163064581169e+00
        1.7915924127448364e+00        1.9767332555680719e+00        1.8650002495045237e+00        2.2174322406494582e+00        2.1072409017334608e+00        2.2030535820752872e+00
        2.2463678633321287e+00        2.0503362116335593e+00        2.0803107041527698e+00        2.0997011774194307e+00        2.1190878915104445e+00        2.0172166851164244e+00
        8.4351665572232748e-01        1.6750916737101971e+00        2.0429881511508117e+00        1.9972220757532890e+00        1.9192637368577619e+00        2.1762470254615138e+00
        1.8018166339964798e+00        2.2629999059973498e+00        1.9364295948911883e+00        2.0285843861581290e+00        2.1929775077053368e+00        2.3127485979437727e+00
        2.6510055253707443e+00        1.6815818278536483e+00        1.9244628506552799e+00        2.1400369833362443e+00        2.1704738703376756e+00        2.0262325540317954e+00
        1.6045962369118456e+00        1.1935487837399026e+00        2.1237871350310087e+00        1.9985943826011174e+00        1.9683012299454028e+00        2.0841303371648650e+00
       -4.3818061814814013e-01        2.0819756903260709e+00        1.7029176992861554e+00        1.7683717324512545e+00        1.8163048627246163e+00        2.0073178929079889e+00
        2.1575442610846771e+00        1.6291568776885801e+00        1.6810901642557778e+00        1.8436989354666478e+00        2.0734545866323106e+00        2.0630715708858629e+00
        1.4763406063906588e+00        1.7593325840900791e+00        1.6118397869559018e+00        1.9954576535622943e+00        1.8210183559837252e+00        1.9729095180995260e+00
        2.4834205549988773e+00        1.9235800013277429e+00        1.8398701076323787e+00        1.7841882762943417e+00        1.8875727268806721e+00        1.9043515714463726e+00
        2.1186944587095389e+00        2.1208501337091490e+00        1.9850665358019801e+00        2.0365214112575032e+00        2.1014637612890774e+00        2.0657164036419768e+00
        1.0220292661419821e+00        8.4858927502980475e-01        1.6727315132191938e+00        1.9747723828227548e+00        1.9619277155236610e+00        1.9298578716407597e+00
       -9.9501140479241801e-01       -1.4354535138454723e+00        1.5192999660813200e+00        1.8976796195447503e+00        1.8966984126013231e+00        2.0027111901546784e+00
       -2.6575956986417864e+00        1.6362402778416778e+00        1.9078836010686873e+00        1.8771703920378038e+00        1.8189562300201558e+00        2.0916712355244624e+00
        2.7414520204281749e+00        1.8108055064425179e+00        1.7297531377568978e+00        1.8040290979658911e+00        2.0964696929682036e+00        2.0782539182528410e+00
        1.5574285629953570e+00        9.2272972501309325e-01        1.7327999300990813e+00        1.9976141653457509e+00        2.1518800886318705e+00        2.2432499482195682e+00
        1.5134518545486725e-02        2.6464949409055777e-01        1.6657490456024524e+00        2.0418124113655374e+00        2.1037159065799718e+00        2.0047695303778110e+00
       -1.5361392357011913e-01        1.8342738647716530e+00        1.9510427747304264e+00        2.1586329670488702e+00        2.0321120306424767e+00        2.1003866303936745e+00
        2.8596334388727005e+00        1.8529267898498043e+00        2.1962058750762101e+00        2.0551366528831996e+00        2.1471821651131968e+00        2.1860312730264364e+00
        1.8579999121349624e+00        2.3823942722999663e+00        2.1041075788442778e+00        2.1518800886318705e+00        2.2733621849650310e+00        2.2449122237085168e+00
        2.5900891094997682e+00        2.5724275365230302e+00        2.1988471890420178e+00        2.3483100938161794e+00        2.4320836173009579e+00        2.4271060335069405e+00
        2.7424314307891833e+00        1.5949133686144825e+00        2.1903360386962190e+00        2.3516311263059588e+00        2.3516311263059588e+00        2.2289727974061151e+00
        3.8532884030060577e-01        1.6848267469743190e+00        2.2755127120886338e+00        2.2879262146720669e+00        2.1181088546477347e+00        2.2128352073001150e+00
        2.1303598677795166e+00        2.5631683720146916e+00        2.1344575138248874e+00        1.9336832556141543e+00        2.1257450879912421e+00        2.1906295386984178e+00
        3.0935418160881247e+00        2.5777877136245788e+00        1.8785443473410928e+00        2.2351337357874264e+00        2.2594803971640043e+00        2.2138133172005579e+00
        3.1853634869447913e+00        1.9907523755138199e+00        2.3466495362106721e+00        2.3206631017646759e+00        2.3535846233098363e+00        2.2035426860612444e+00
        2.1260654512750157e+00        2.3174387498957674e+00        2.3141165816530584e+00        2.3524125296869007e+00        2.1032263140922747e+00        2.3475286583778820e+00
        1.9904209136222346e+00        2.3714573490408655e+00        2.3977234817479736e+00        2.1968906668774810e+00        2.3340479357907404e+00        2.3705784372118370e+00
