        3.3704565608533201e+00        4.3218139921535226e+00        3.1142113853622533e+00        2.8205276934968997e+00        2.6858852404274098e+00        2.7064376945769899e+00
        4.0506424733347233e+00        3.8034253056913769e+00        2.5680429023928752e+00        2.9665558643767302e+00        2.5844101259497871e+00        0.0000000000000000e+00
        4.2739514902400151e+00        2.9643486121123885e+00        3.3298691423109261e+00        2.5888127352104116e+00        2.6076140730030053e+00        0.0000000000000000e+00
        5.0385082087587758e+00        4.6431827110431811e+00        3.4205014123752875e+00        3.2332308226994404e+00        2.6833070878581107e+00        0.0000000000000000e+00
        5.5696734996607553e+00        4.6506739797102625e+00        4.0121021630103115e+00        3.6032034983065828e+00        3.4664236180884003e+00        3.1773791133886666e+00
        4.4065688053657421e+00        4.1470805895265528e+00        3.5876032215018228e+00        3.5554142515234597e+00        3.0663756400475242e+00        0.0000000000000000e+00
        6.1224912194343446e+00        4.7666415430274611e+00        4.1552985008472376e+00        3.8073110521583677e+00        3.3472020836502034e+00        3.3194249575718260e+00
        4.1993787702381029e+00        3.2432340934679615e+00        3.5374747195849210e+00        3.2634654821006137e+00        3.0611624935083626e+00        3.0115362324931283e+00
        4.5107199898764732e+00        3.8936272138212047e+00        3.6203897411077435e+00        3.4524007104824506e+00        3.4271284527196855e+00        3.2286000965758177e+00
        5.7054019502160473e+00        3.9312113661054582e+00        3.6449977767762931e+00        3.7777086078094149e+00        3.3666962897495276e+00        3.1701542822602846e+00
        5.4285513232325258e+00        3.7899955240831673e+00        3.7239620785140204e+00        3.3205560792243451e+00        3.6891820510696514e+00        3.2776763392810437e+00
        3.9715782893724119e+00        2.6620212568605695e+00        3.2524328943090097e+00        3.1719070805259268e+00        3.1670855827240270e+00        3.1975392184936156e+00
        2.9027593213843463e+00        3.0109003200433193e+00        3.2799334828286675e+00        3.3904895478524821e+00        3.3116468483346040e+00        3.2064370572040701e+00
        1.6531597030544125e+00        3.8036548818126903e+00        3.3553623366053387e+00        3.2692925995274185e+00        3.4315300387206089e+00        3.6599559858473172e+00
        5.8383052552648920e+00        3.5148577809859916e+00        3.3567796257948146e+00        3.3917826453745197e+00        3.6026848504473459e+00        3.4112012273158840e+00
        1.8024576912818786e+00        3.4870902801998227e+00        3.4742415761900958e+00        3.7596778463360176e+00        3.3825228862262695e+00        3.5185795487628004e+00
        2.3668673909893556e+00        2.9980469165810320e+00        3.7401749548838126e+00        3.2150895678771714e+00        3.4797579695030838e+00        3.4665318197298225e+00
        2.7669640257451618e+00        4.4271097884102772e+00        3.5849485857948338e+00        3.6014100783955181e+00        3.5172108031805029e+00        3.7759050024131815e+00
        6.4776930215868251e+00        4.8330626785226372e+00        4.2726419562544748e+00        4.0795835577117847e+00        3.9324606128776205e+00        3.1959451828079466e+00
        6.9815199948869795e+00        5.3128172690414033e+00        4.7500610618300243e+00        4.0638272174728476e+00        4.0685094066645897e+00        3.3132276787014803e+00
        6.7496018427835773e+00        6.0141195301852690e+00        5.7417929546225821e+00        5.4177933411818211e+00        4.8273567260963537e+00        4.6491936363892696e+00
        8.4270373870467008e+00        7.3119758606477347e+00        6.7925449016435380e+00        5.9966563101188077e+00        5.0866470798197847e+00        4.2049892724811855e+00
        1.0865617898859488e+01        7.9796563765139439e+00        6.7650362675440334e+00        5.8771584772120633e+00        5.5223852937945850e+00        4.9938512709218221e+00
        9.1226397961278458e+00        8.3237121693848337e+00        7.5704697004052690e+00        6.5466587553313360e+00        6.3131363904943782e+00        0.0000000000000000e+00
        1.1165138657047095e+01        9.8305380375506957e+00        8.3152268329854451e+00        7.3496050511561606e+00        6.6106765834685888e+00        6.1012704274190810e+00
        1.3397479430746568e+01        8.9241303630863911e+00        7.9003310319087916e+00        6.8762857226371219e+00        5.8967740152851880e+00        5.1473148432979325e+00
        8.1431588885194319e+00        6.0295320056130919e+00        6.1447292708965762e+00        6.0384889299541564e+00        5.6349272390356466e+00        5.2689144667105818e+00
        4.8834925072409696e+00        6.0984509373430029e+00        5.8175567675053941e+00        5.7341583393920832e+00        5.8161974420624301e+00        5.8260281562823462e+00
        4.6239294418197092e+00        6.6877404628510106e+00        5.8731337862887756e+00        5.9047001364557872e+00        6.0347029807573449e+00        6.1215887149561610e+00
        6.5864516616861728e+00        5.4099417149906515e+00        6.2341190827613246e+00        6.3906298253186824e+00        6.6738539452956056e+00        5.8514716459605136e+00
        3.4654534779402439e+00        5.6604057981655131e+00        6.0155657898089743e+00        6.2869454735796628e+00        6.2796496074057027e+00        6.4133936068415647e+00
        4.9771587178187433e+00        5.2869604200807885e+00        5.8694714150057337e+00        5.6081231181074989e+00        5.7123136248343096e+00        5.8036975376506188e+00
        4.1527665475928668e+00        5.4621587148677264e+00        5.3801718000471510e+00        5.5708774358809174e+00        5.2987073021061084e+00        5.6080473836335170e+00
        5.5770506697816460e+00        5.5672832065454259e+00        5.3181301766965561e+00        5.0183017620327064e+00        5.6006812403577300e+00        5.2056138530804930e+00
        5.3533183960890502e+00        6.9143640275072471e+00        5.7527493320261414e+00        6.6040138586181731e+00        5.8307173918191078e+00        5.6731833852435170e+00
        6.8677755176354864e+00        6.2427606564153137e+00        6.6170001559029856e+00        5.9730765426152734e+00        6.2546745608216279e+00        6.2221446963182085e+00
        4.9095831734056059e+00        5.9503781415457979e+00        5.7932817000498460e+00        5.3974834462533030e+00        5.8689792760826984e+00        6.1551222897129758e+00
        5.9281602722831668e+00        6.3044840884973752e+00        5.6068024014656714e+00        5.7945895987590053e+00        6.9066891589109485e+00        4.8529535060069398e+00
        6.8036147305621881e+00        6.4295224814138408e+00        6.3497219519856429e+00        6.7196351684017941e+00        6.2611736775544102e+00        6.3463431062590558e+00
        1.0212418438266646e+01        7.8474350746517985e+00        8.1971306577539593e+00        8.1069988297212348e+00        7.4826244393172203e+00        6.5863830098425780e+00
        6.8550773776158369e+00        7.5630373758560410e+00        7.0883444668851325e+00        7.2772295094331687e+00        6.6950563830818774e+00        6.7197255332025900e+00
        7.8223207232240020e+00        8.1444994712107643e+00        7.4979100097898765e+00        7.1991524667740965e+00        7.0284517077759272e+00        6.7871946884043393e+00
        8.4775796607605169e+00        8.3484473187866115e+00        8.1177415840418377e+00        7.4704015633074059e+00        6.5807556658914015e+00        7.7429200179945896e+00
        8.8406403487530465e+00        9.0774817074613878e+00        8.7787615608853287e+00        8.1396458978002073e+00        8.0133881940579244e+00        7.3826526193698783e+00
        7.7186015827424628e+00        9.4924547843653784e+00        7.4336132246170195e+00        8.0747773265642291e+00        8.0075783601071056e+00        7.0477569458844869e+00
        8.3034228609490306e+00        8.9739766024713674e+00        8.4368436306640149e+00        8.5471338551968792e+00        7.9941927325695126e+00        8.3324556417412747e+00
        8.8856673382515439e+00        9.2521319649154776e+00        8.6726678526186873e+00        8.3181814969876182e+00        7.7715653900686039e+00        8.3252337986078118e+00
        1.0072096958934889e+01        8.2548261771336229e+00        8.2577033828048485e+00        7.5295805704399763e+00        7.5539678319035621e+00        7.3380697459700857e+00
        9.3330038800313169e+00        9.1393435841741422e+00        9.4779309567787351e+00        8.1834966105358120e+00        8.0328453856740367e+00        8.2084664877939417e+00
        1.0207091083608484e+01        9.2581904112204683e+00        8.9970179464824440e+00        8.8586370036484432e+00        8.8422307288176647e+00        7.1425034617210041e+00
        9.5493799308868041e+00        8.4543627617737371e+00        8.3224737762403578e+00        8.6791561631986998e+00        7.8919722851285439e+00        7.9003465974967195e+00
        6.3709740293586279e+00        6.9374104923323188e+00        7.3036193580929165e+00        7.5294250385333328e+00        6.8507051289948606e+00        7.9034210719413522e+00
        9.0600013457601651e+00        7.7956997688144014e+00        7.7964095976930992e+00        6.7548376160196719e+00        7.1519327749665953e+00        7.2132051281961624e+00
        8.8987506492261996e+00        5.9565754062610665e+00        6.1665028218740758e+00        6.4721853738710404e+00        6.7232073120422360e+00        6.6703005124029602e+00
        3.4532819051165258e+00        4.2711033512787822e+00        4.7936533061367470e+00        5.9977630947329876e+00        5.4969092476902413e+00        5.1437189421775980e+00
        4.8072764042343525e+00        5.9881406824018768e+00        6.0170843073358071e+00        5.1128388414639421e+00        5.4600155717309899e+00        5.6375989758347327e+00
        4.6361503072440380e+00        4.5633066579636505e+00        4.9621771722268448e+00        5.1562249411031047e+00        5.3615790922577844e+00        5.5532235331849478e+00
        3.6553698290305232e+00        3.9568107323493251e+00        4.6155429384896252e+00        4.8282898953015518e+00        5.0830017542388362e+00        4.2072260799031360e+00
        5.5589850954813427e+00        4.0895908200258901e+00        4.2961299420326782e+00        4.6725985071333307e+00        4.8711300594856501e+00        4.8474146256076258e+00
        3.3935617762092347e+00        4.0567433715562373e+00        4.5430710940138397e+00        4.8801891740819059e+00        4.9102062710613126e+00        5.2289041531075497e+00
        3.2455573419495272e+00        4.4914697130153058e+00        5.0089857827920525e+00        5.0723961968664364e+00        5.6461145128903203e+00        4.8640858804802161e+00
        4.1006617476388367e+00        4.3845014110473812e+00        4.4570681381529198e+00        4.8031893558913925e+00        5.3864783598203996e+00        4.8418639710654068e+00
        3.6529595341790211e+00        4.4784478135703409e+00        4.7539528131565589e+00        5.1828073697684829e+00        5.1361862761897470e+00        5.4994109062224794e+00
        3.1755417042009593e+00        3.8914707601623633e+00        4.3762206631875245e+00        4.5833476085686433e+00        4.9488330866033445e+00        4.9538047909702954e+00
        3.6292391339451524e+00        4.3146663548785824e+00        4.1163727251444016e+00        4.3588704775494600e+00        4.4111551093028103e+00        4.6735229947216785e+00
        2.7280480681549593e+00        3.2469158998882364e+00        3.4386212409621919e+00        4.0345541892023107e+00        4.2925924211719035e+00        4.0222366753038585e+00
        5.4459775789614850e+00        3.4208887266942156e+00        3.6859490241489823e+00        4.2223980049907794e+00        4.3883308611398775e+00        4.3221121509855465e+00
        2.7011872246797695e+00        3.2588268227257799e+00        3.7385233549358077e+00        3.9541835764161699e+00        4.5294840693976823e+00        4.4233385333594555e+00
        2.2765879583078084e+00        3.5097552757260786e+00        3.6271862283530965e+00        3.5248027047629198e+00        3.8333168930602564e+00        4.1945783040432598e+00
        3.2243544607955079e+00        3.2855841929663399e+00        2.9661893941838713e+00        3.9808224253626183e+00        3.3671967809258514e+00        4.6940112475226652e+00
        2.4370609533439023e+00        1.9049752027104461e+00        2.4801330510236141e+00        3.3407217784368717e+00        3.3496602185103095e+00        3.8860246094586159e+00
        2.3269160939211688e+00        1.7195468133078151e+00        2.3919614632866626e+00        2.5501193942400131e+00        3.1756416127336711e+00        3.1224678680107578e+00
        3.4063205275700801e+00        2.2832104021201616e+00        2.9718573892917988e+00        2.6659831270599459e+00        3.7758142168890170e+00        3.5312893562583256e+00
        5.8349435585138498e-01        3.1120004689647374e+00        3.2434589578510753e+00        4.0018724853005949e+00        3.6580087709481290e+00        3.8347232419660315e+00
        4.0534273132426035e+00        4.0077448786377090e+00        3.9679878419654813e+00        3.7432341924915842e+00        3.7330317690038588e+00        4.0995288822255551e+00
        4.0720549374870325e+00        4.1064318249674159e+00        4.8242398363992578e+00        4.2263636870991661e+00        4.0932495861060403e+00        4.0488737328807645e+00
        2.7326214784456506e+00        3.2200501440602380e+00        3.2297368659943260e+00        3.9006445250155499e+00        3.1899608748929618e+00        4.4133797259739538e+00
        2.6557214602494179e+00        3.2806154591664693e+00        3.4931494717849176e+00        3.6454442644760827e+00        4.2443591685124460e+00        4.3781163623002328e+00
        1.4708300672048764e+00        3.7900399629801740e+00        3.5988683436478652e+00        4.0917824636430566e+00        3.9968284293639300e+00        4.1165665690932940e+00
        4.7575140612886884e+00        3.9194813713795185e+00        4.0256752871133727e+00        4.1286311605123407e+00        4.3692103959834592e+00        3.9371405549051275e+00
        4.4483762058844727e+00        4.6822189638863421e+00        4.3509075126042518e+00        4.4941649230135985e+00        4.1101336777398254e+00        4.2544700872362284e+00
        4.9427104137239812e+00        4.0836358239843662e+00        4.5447230299227925e+00        4.4386422847637146e+00        4.4808363112387912e+00        4.7591528040925350e+00
        4.0853994008266126e+00        4.5786020858454179e+00        4.4714998219379964e+00        4.1133193451507584e+00        4.3770723471112642e+00        4.3342311715779394e+00
        4.3927886241154210e+00        3.7900994752181560e+00        3.7545241614193259e+00        4.4593998752141308e+00        4.1664905259665383e+00        4.3445823121395222e+00
        3.2206749643051404e+00        3.8132387925838174e+00        3.8807074795066399e+00        3.9250226408579900e+00        4.1705140457484182e+00        4.0472510475535008e+00
        3.3524714014621280e+00        4.1608448730741543e+00        3.8586745197370931e+00        3.9619371523752283e+00        4.1539436484164582e+00        4.1798630642556827e+00
        5.4437047612924996e+00        3.7180669473528383e+00        4.0536455426526175e+00        4.0465171432050093e+00        4.3349340229507751e+00        4.0932296305236084e+00
        4.4785011385105200e+00        4.2080570202035261e+00        4.1872854489607647e+00        4.2578856598165506e+00        3.9422999524674660e+00        4.0753312667881403e+00
        3.9113976687916732e+00        4.7260631494729921e+00        4.5424872611636857e+00        3.9355058115056365e+00        3.7712236883535852e+00        3.7170228615739376e+00
        2.4569678204981353e+00        4.4233327888793639e+00        3.6269203294541086e+00        3.3604412470033660e+00        3.3324448707215728e+00        3.2954309806335393e+00
        5.0808126712745718e+00        3.3182101745072856e+00        3.3189063026846100e+00        3.2843641914443116e+00        3.4185263845319720e+00        3.3827335128457023e+00
        4.2665733787936588e+00        3.1584612541273316e+00        3.2303469867173362e+00        3.2127899955710859e+00        3.4805933897352759e+00        3.1884734968169681e+00
        2.1852485684494689e+00        2.5986986558947933e+00        3.1289794337112653e+00        2.9357477107840415e+00        3.0965471038843626e+00        3.1521482191863015e+00
        1.8380047281429586e+00        2.9001481624430170e+00        2.8117229021898282e+00        2.9916415360510489e+00        3.0514658747325281e+00        3.6359951691100165e+00
        3.0178027957450055e+00        2.8361143961273427e+00        2.9774584963327300e+00        3.1076160043905796e+00        3.4507604618951850e+00        3.2587287877813500e+00
        2.5626810238175590e+00        2.5327116524138660e+00        2.6842395672669994e+00        2.8889077034843780e+00        2.7599842061327706e+00        2.8350682889279000e+00
        1.5810355046218558e+00        2.4990540432952457e+00        2.7836163324511887e+00        2.8044849821611706e+00        2.7865648432026546e+00        2.8447867093930768e+00
        2.2132264524083189e+00        2.7425893758433517e+00        2.6392835797949488e+00        2.7730503206136343e+00        2.8780346061171973e+00        2.7752443271616292e+00
        3.3938517659097651e+00        2.7876598875540282e+00        2.8001496379737034e+00        2.9155149260056130e+00        2.8877736147777004e+00        3.1785842435755987e+00
        2.2820617598154533e+00        2.7382214542519989e+00        2.9590870565776584e+00        2.9623565761127688e+00        3.0903860180334410e+00        2.7855270130402223e+00
        1.5797558882705030e+00        2.6268576192208570e+00        2.8462106566514933e+00        2.8619741754138057e+00        2.9172437557804192e+00        2.8725521455701388e+00
        1.2107408627788525e+00        2.6690577102307600e+00        2.5382131905658412e+00        2.6173775636564751e+00        2.7382500780923640e+00        2.8305241248457227e+00
        2.6085788012122255e+00        2.5155420287610752e+00        2.6383825111221171e+00        2.8582137027150623e+00        2.9528180998646292e+00        2.9496206426479432e+00
        2.9690832360136090e+00        2.9817726086218244e+00        2.8986760940782119e+00        3.0866056491948513e+00        2.9862108315274583e+00        3.0800484019202656e+00
        1.9215199892520705e+00        2.9068729246560565e+00        3.0807555953074939e+00        2.9823469696374620e+00        3.0302871694132700e+00        3.0071983240954823e+00
        1.1758595946047306e+00        2.8376258192182036e+00        2.6701122565487623e+00        2.9121493052219445e+00        2.8427244027696479e+00        3.2326119030919633e+00
        2.1001907871661722e+00        2.7963809186307031e+00        2.8446538229960794e+00        2.8224183545393795e+00        3.0573155802557044e+00        2.9791143290555757e+00
        1.6111509770177623e+00        2.3781525547754256e+00        2.5687837834151850e+00        2.6857784939927853e+00        2.7832713406606757e+00        2.6772515072941871e+00
        5.8737159066766198e-01        1.9728156443644451e+00        2.3284544363054493e+00        2.3560645816001360e+00        2.2471574163063233e+00        2.4255614648922110e+00
        2.2181168871102637e+00        2.4086660260174142e+00        2.2383083120011804e+00        2.4432310343343029e+00        2.4885146605853952e+00        2.5146234958082649e+00
        2.5723300760980621e+00        2.4339716259841992e+00        2.4557991132148516e+00        2.4749788460145088e+00        2.5373103035118301e+00        2.5465280415016158e+00
        2.1958145633700110e+00        2.4294684579533765e+00        2.5063760508487576e+00        2.6680634004037524e+00        2.6468275694075065e+00        2.6205933317342547e+00
        1.8206255733643442e+00        2.2454567122849767e+00        2.4864798925030129e+00        2.5813617890378278e+00        2.5396436587737274e+00        2.5933577102303920e+00
        1.8108055064425179e+00        2.2498487414715385e+00        2.4451631095125492e+00        2.5197460702973014e+00        2.5755568456634852e+00        2.8074013894709529e+00
        2.7010898896638458e+00        2.3069200649583621e+00        2.3678637825867099e+00        2.4470512222954710e+00        2.5755235790899889e+00        2.6366863005545582e+00
        1.5000921457798879e+00        2.0686641168577324e+00        2.2570328861146294e+00        2.4021962716851410e+00        2.4544275838756855e+00        2.5371301513921187e+00
        1.4581176077456710e+00        1.9762921049505167e+00        2.2087327974070092e+00        2.2395812001708038e+00        2.2740151542613773e+00        2.3457877291757967e+00
        1.4528941908709665e+00        1.9552246800397910e+00        1.9656766540897763e+00        2.0762809176460451e+00        2.1414590396844346e+00        2.3419905871108426e+00
        1.0246326646051309e+00        1.5144947830663114e+00        1.5872417008772288e+00        1.9589428844806631e+00        2.1401048194075400e+00        1.9980071885640882e+00
        8.1814405561138948e-01        1.4438803561130698e+00        1.7408918272376894e+00        1.9526462347442932e+00        2.0126215933174763e+00        2.0667868693383431e+00
        8.1645789310395100e-01        1.3604799040276561e+00        1.7216552963059684e+00        1.6764327880160581e+00        1.8585301568808885e+00        1.8429908769309826e+00
        7.0828572408484436e-01        1.2465689742203523e+00        1.3678078969601160e+00        1.5080977188699054e+00        1.6178520042014808e+00        1.7061215139353429e+00
        1.4476705011411928e+00        1.4225242781414238e+00        1.4902727622779111e+00        1.8077824986473701e+00        1.9210022778288760e+00        1.8055410865617461e+00
        1.5121097782222537e+00        1.6522914509689457e+00        1.6900426639370636e+00        1.9486500993480147e+00        1.8868130636882088e+00        2.0285379069115090e+00
        1.1124888315158514e+00        1.6195538529220954e+00        1.7543996338112322e+00        1.7580879316589917e+00        1.7986040660908029e+00        1.8632830176059649e+00
        1.9872232716803422e+00        1.8562488835137003e+00        1.8148157547223320e+00        1.7641287508464385e+00        1.9132223002461759e+00        1.8515932737159342e+00
        2.6537738566295492e+00        2.2948024548039569e+00        2.1132113310862621e+00        2.1716144424068777e+00        2.3284223357993734e+00        2.1852399929706219e+00
        2.5537133930595957e+00        2.1856763729850570e+00        2.2904546467092501e+00        2.3322690949623142e+00        2.1946549003395428e+00        2.3028222719403852e+00
        1.9055289285152499e+00        2.1245195785567716e+00        2.3861180983075769e+00        2.3496190736423719e+00        2.2874480921153415e+00        2.0461647998708079e+00
        1.8980720996263758e+00        2.2620153193379622e+00        2.1615775437322071e+00        2.0955566874356180e+00        2.1500141893195490e+00        1.9527945304979255e+00
        3.1799009548948987e+00        2.2945389627089696e+00        2.0971402376542159e+00        2.2796990569496249e+00        1.9756178156018929e+00        1.9386449569743998e+00
        2.2028579398110746e+00        1.7044650122159055e+00        2.0386457004644143e+00        2.0308339765090726e+00        2.0658079876156417e+00        2.1694589808749494e+00
        2.1185004705430441e+00        1.2432231576482877e+00        1.7791705473371167e+00        1.6348459873643857e+00        1.6930953236190764e+00        1.7923452969327514e+00
       -2.5502491226828600e-01        1.6238492087687462e+00        1.7080257305533308e+00        1.5819630171396426e+00        1.8349430515439025e+00        2.0138262656583805e+00
        9.4601117054928952e-01        1.8629839733772968e+00        1.7999514940900241e+00        1.9396255707547989e+00        2.1396486673779695e+00        2.1044977084272887e+00
        1.1242564865967148e+00        1.8479020693426662e+00        1.6603310145544725e+00        1.9579114044166346e+00        1.8840316936056922e+00        1.9778029966740718e+00
        9.7631846295346736e-01        1.6526485168448346e+00        1.9118060601751807e+00        1.7399256822795190e+00        1.7203287813568839e+00        1.8376337787398001e+00
        1.6218761935371935e+00        1.9545540514936732e+00        1.7459465322435364e+00        1.6351216110351170e+00        1.7733207373037634e+00        2.0059757838364334e+00
        2.4732611790392922e+00        1.7106110174964329e+00        1.6002258175973338e+00        1.8119039279628879e+00        1.9810277423150779e+00        1.8049756677232409e+00
        8.5701709497096135e-01        1.4653967185505934e+00        1.5333175397046261e+00        1.9056003013183440e+00        1.8303000895706136e+00        1.6767346469418238e+00
        1.6279762622140523e+00        1.5416489213048834e+00        1.7910540881963755e+00        1.7469677413860298e+00        1.7690353716393046e+00        1.7789653695533751e+00
        1.1959202807178178e+00        1.4378270204893795e+00        1.4098575227066590e+00        1.4645479096159875e+00        1.8548990139898081e+00        1.6427994517467681e+00
        2.5812960376108549e+00        1.9540742752408136e+00        1.7351962517324182e+00        1.8317686885964686e+00        2.0151064868180417e+00        1.8427819321512828e+00
        3.1742823297322373e+00        1.9980083634578705e+00        2.1110901162266771e+00        2.2598301178287978e+00        2.2105760731424344e+00        2.0850106848040895e+00
        1.2922148249992667e+00        1.7890357772749610e+00        2.0845686500663874e+00        1.9920341759640086e+00        1.9720414311699126e+00        2.0806949861338349e+00
        2.0728668975433493e+00        2.0601186389288983e+00        2.1003591288245360e+00        1.9912061979578508e+00        2.0226515128303646e+00        2.1986284409962309e+00
        3.1135228930711265e+00        2.3569102437665634e+00        2.1720606224381100e+00        2.2629120632565498e+00        2.2132209653445760e+00        2.1904384564965795e+00
        2.4010428736356717e+00        2.0424803590330498e+00        2.2799863524646469e+00        2.3601161570933731e+00        2.2618249177000389e+00        2.1926499615393165e+00
        2.9659768018115154e+00        2.5478831415327363e+00        2.5089402436741182e+00        2.3296578375997963e+00        2.2641182483368998e+00        2.3003722601561805e+00
        3.2593997198791955e+00        2.3898156092975853e+00        2.2508305947560814e+00        2.2021785305824442e+00        2.2632176131292421e+00        2.4715484990601051e+00
        3.2422658652281910e+00        2.6040273098985267e+00        2.3421632156306771e+00        2.4019672638985416e+00        2.4834665528402406e+00        2.2125169059140855e+00
        3.2882399182828657e+00        2.6549648937347570e+00        2.5918212820766229e+00        2.7547925525894357e+00        2.4963420438876227e+00        2.4230595838886870e+00
        1.7527492118191217e+00        1.9093736679312912e+00        2.6407842393783909e+00        2.3078263688798724e+00        2.2240671171488207e+00        2.2982631652894270e+00
        1.6386012997314139e+00        2.3199033546681846e+00        2.1444625029396036e+00        2.1091272458097166e+00        2.2062113017984331e+00        2.1191903542895574e+00
        3.9214943905870068e+00        2.5210596727582413e+00        2.1806213364239824e+00        2.1095170207896539e+00        2.5037818060830821e+00        2.1489331389965112e+00
        2.6455935071877299e+00        1.7195854407983546e+00        2.1038417103721230e+00        2.4342638804103700e+00        2.2046822652686870e+00        2.0596393600229135e+00
        9.3263738562439702e-01        2.0661326857482010e+00        2.4308753290888774e+00        2.0430931228176519e+00        2.0640935936430793e+00        2.0134929957883685e+00
        2.6381916619822374e+00        2.4238069453303979e+00        2.1482819640613826e+00        2.1123432755615563e+00        1.9204774624082437e+00        2.1386754997209323e+00
        2.5598543574366364e+00        2.5119575957042173e+00        2.3041602342704692e+00        2.1539526806304110e+00        2.5050794067837501e+00        2.0371606692574313e+00
        1.1823822296330122e+00        2.9843604050064698e+00        2.4671037406626795e+00        2.2615229638084595e+00        1.8995456588324804e+00        2.2646176601828216e+00
        4.0921189600260579e+00        2.4244911476149156e+00        2.0758131927781420e+00        1.7081735123394288e+00        1.9475342156482605e+00        2.0286321804118046e+00
        4.8701216822774618e-01        6.8077331420433040e-01        7.3142366420029248e-01        1.3998080703863993e+00        1.3856023440432350e+00        1.6473182204894239e+00
        2.7995444912726750e+00        8.1373924467058600e-01        1.6090830834457392e+00        1.5745749806491454e+00        1.7697341816795393e+00        1.5295489053645634e+00
        3.6493340370455443e-02        1.6530136687396890e+00        1.4107802581719397e+00        1.5402589917993481e+00        1.4323872244318636e+00        1.8510366730009054e+00
        5.2860044292374375e-01        1.4238757461512819e+00        1.3194034813256650e+00        1.1734067695275738e+00        1.4606771451028069e+00        1.6761262907181158e+00
        3.7150904974717353e-01        1.5688288409027251e+00        1.1389868385368374e+00        1.3742587400074060e+00        1.4657384249332492e+00        1.8649270864614205e+00
        1.0395776182120424e+00        1.2379588652962070e+00        1.4394595250603714e+00        1.4569433294731482e+00        1.5708979346165108e+00        1.5294445280314761e+00
        1.8944416000937874e+00        1.3267705962519472e+00        1.2259656816773656e+00        1.4961854166017474e+00        1.3459428900208792e+00        1.4475242039313940e+00
        2.2599692252426626e+00        1.1464215227785957e+00        1.5488584980563047e+00        1.4196152369905233e+00        1.5498519506063959e+00        1.4466241532655739e+00
        4.1752714104756028e-01        1.5154247611615546e+00        1.2839160586150200e+00        1.4244075233659006e+00        1.3306357269783573e+00        1.5479539063690591e+00
        1.8846287796359968e+00        2.1886374671094444e+00        1.7797756136520348e+00        1.4554518901572775e+00        1.7953682187258126e+00        1.7968000201104668e+00
        2.3986997849174583e+00        1.6223420624768892e+00        1.6452722126111041e+00        1.8845380991479028e+00        1.6798991793823608e+00        1.7511559503134322e+00
        2.4858452496710526e+00        1.7942313867219895e+00        1.8809632862243575e+00        1.6849212864784133e+00        1.8297863019803631e+00        1.8970537942180949e+00
        8.8120595056940410e-01        1.7838049931089728e+00        1.6718033525567222e+00        1.9604707378189090e+00        1.7484847885199883e+00        1.9269733003703493e+00
        1.6588644452704513e+00        1.6860127252265045e+00        1.8621643984722880e+00        1.8666333180625823e+00        1.9385783507360093e+00        1.8216858094671551e+00
        1.5848742554337676e+00        1.8630167338336889e+00        1.7930615043599829e+00        1.9256557810944486e+00        1.9160885845721509e+00        2.2009357079021186e+00
        2.6923293502426153e+00        1.6585625744308885e+00        1.7917305352280977e+00        1.8757341437222406e+00        2.1927133951237465e+00        1.9498656445001927e+00
        8.8328750487599683e-01        1.6949928933595260e+00        1.9244255310198355e+00        2.0138432174011460e+00        1.7979739056507067e+00        1.9034917442905193e+00
        1.1388899577217264e+00        1.5503330492773415e+00        1.8551599171789945e+00        1.7421386039405462e+00        1.8497307102094851e+00        1.8143294164939761e+00
        7.5027835961071099e-01        1.7928623717477166e+00        1.6333164925228516e+00        1.7582773380137700e+00        1.6599034834491984e+00        2.0189289354824775e+00
        1.9394700968292631e+00        1.9459516036810953e+00        1.7311119812248421e+00        1.7018241464896275e+00        1.8489508472761431e+00        1.8972599933530172e+00
        1.5642023189903380e+00        1.8432516374257801e+00        1.6006727022578104e+00        1.8621579003578856e+00        1.7632044404450655e+00        1.8947380711388457e+00
        1.2789859928390381e+00        1.6831541115887916e+00        1.7702220768313737e+00        1.7863049489122316e+00        1.7845814597460932e+00        1.7584467295417734e+00
        2.1115490604075213e+00        1.7709848991639632e+00        1.8397420230176209e+00        1.8397053968708827e+00        1.8632212757495386e+00        1.8870931205427155e+00
        1.4199705300933865e+00        1.6957665294196289e+00        1.7065023744628149e+00        1.9184671580905639e+00        1.7881188607784542e+00        2.0437493569385623e+00
        1.1783055253035558e-01        6.3090944494135215e-01        1.5826363766812790e+00        1.6785009485424496e+00        1.6224678610086585e+00        1.7826051872297910e+00
       -7.7329891855264482e-02        1.4957161682531250e+00        1.7136806203694732e+00        1.5900014603918327e+00        1.6275382379266286e+00        1.7951536306615163e+00
        2.0586633608388314e+00        1.6072034433019411e+00        1.5689273546858118e+00        1.7008332974562281e+00        1.9397079746234167e+00        1.8557533765402916e+00
        1.3216278962616412e+00        1.2454776002478241e+00        1.6922841340754502e+00        1.9010929243545855e+00        1.7605163728624977e+00        1.7912544073450221e+00
        8.8953190783627956e-01        1.0792629414872579e+00        1.6431813440682674e+00        1.7297483616314222e+00        1.7630217868767064e+00        1.8395588551634030e+00
        6.3060748488546547e-01        1.5255554133940308e+00        1.6264508360375629e+00        1.8412387925202724e+00        1.8555791063473490e+00        1.9550393196176679e+00
        2.2856782142927559e+00        1.5357034025274885e+00        1.8626210189026438e+00        1.8142379165951183e+00        2.0970831774096865e+00        1.9786537770286827e+00
        1.3923615013712765e+00        1.8636891889059370e+00        1.8355304170885489e+00        1.9811211403602866e+00        1.9154887796176470e+00        1.9749006705641388e+00
        1.9796744925937499e+00        1.9102584511983878e+00        2.1062194197693174e+00        2.0193691462040420e+00        2.3855760585409058e+00        2.0976413117033132e+00
        2.2070641641433344e+00        1.7567539657292741e+00        2.0082469532265890e+00        2.0537530185734454e+00        2.1186611983942782e+00        2.1589899884631336e+00
        9.6374106116070180e-01        1.6325666822410767e+00        1.9083784249488644e+00        1.9537698872788665e+00        1.9724068942423403e+00        1.9827739180399813e+00
        2.1176193326219317e+00        1.8042930766004162e+00        1.9280177839210211e+00        1.8733067212103549e+00        1.9675045478226849e+00        2.0066727210721780e+00
        2.3026835710210825e+00        1.8520362150219682e+00        1.9662377682941212e+00        2.1101021478315825e+00        2.0801619379980711e+00        2.1038679057134857e+00
        1.9238742853029485e+00        1.8967714655090617e+00        2.0309701957064163e+00        2.0948219213035917e+00        2.1791184588984431e+00        2.1544150743590502e+00
        2.9520937447012123e+00        2.1902348009646744e+00        2.2275052568144105e+00        2.2376664078155528e+00        2.2436830777650130e+00        2.1598330350322215e+00
        1.7099958767763841e+00        2.1502180851147301e+00        2.3071663377116636e+00        2.2633597993504386e+00        2.0918515208361308e+00        2.1833441478232620e+00
